62 72

 0.0       0.0      1.0

-0.5       0.0      0.866
-0.433     0.25     0.866
-0.25      0.433    0.866
 0.0       0.5      0.866
 0.25      0.433    0.866
 0.433     0.25     0.866
 0.5       0.0      0.866
 0.433    -0.25     0.866
 0.25     -0.433    0.866
 0.0      -0.5      0.866
-0.25     -0.433    0.866
-0.433    -0.25     0.866

-0.866     0.0      0.5
-0.75      0.433    0.5
-0.5       0.75     0.5
 0.0       0.866    0.5
 0.433     0.75     0.5
 0.75      0.433    0.5
 0.866     0.0      0.5
 0.75     -0.433    0.5
 0.433    -0.75     0.5
 0.0      -0.866    0.5
-0.433    -0.75     0.5
-0.75     -0.433    0.5

-1.0      0.0       0.0
-0.866    0.5       0.0
-0.5      0.866     0.0
 0.0      1.0       0.0
 0.5      0.866     0.0
 0.866    0.5       0.0
 1.0      0.0       0.0
 0.866   -0.5       0.0
 0.5     -0.866     0.0
 0.0     -1.0       0.0
-0.5     -0.866     0.0
-0.866   -0.5       0.0

-0.866     0.0      -0.5
-0.75      0.433    -0.5
-0.5       0.75     -0.5
 0.0       0.866    -0.5
 0.433     0.75     -0.5
 0.75      0.433    -0.5
 0.866     0.0      -0.5
 0.75     -0.433    -0.5
 0.433    -0.75     -0.5
 0.0      -0.866    -0.5
-0.433    -0.75     -0.5
-0.75     -0.433    -0.5

-0.5       0.0      -0.866
-0.433     0.25     -0.866
-0.25      0.433    -0.866
 0.0       0.5      -0.866
 0.25      0.433    -0.866
 0.433     0.25     -0.866
 0.5       0.0      -0.866
 0.433    -0.25     -0.866
 0.25     -0.433    -0.866
 0.0      -0.5      -0.866
-0.25     -0.433    -0.866
-0.433    -0.25     -0.866

 0.0       0.0      -1.0

3 3 3 3 3 3 3 3 3 3 3 3
4 4 4 4 4 4 4 4 4 4 4 4
4 4 4 4 4 4 4 4 4 4 4 4
4 4 4 4 4 4 4 4 4 4 4 4
4 4 4 4 4 4 4 4 4 4 4 4
3 3 3 3 3 3 3 3 3 3 3 3

0   1   2
0   2   3
0   3   4
0   4   5
0   5   6
0   6   7
0   7   8
0   8   9
0   9  10
0  10  11
0  11  12
0  12   1

 1  13  14   2
 2  14  15   3
 3  15  16   4
 4  16  17   5
 5  17  18   6
 6  18  19   7
 7  19  20   8
 8  20  21   9
 9  21  22  10
10  22  23  11
11  23  24  12
12  24  13   1

13  25  26  14
14  26  27  15
15  27  28  16
16  28  29  17
17  29  30  18
18  30  31  19
19  31  32  20
20  32  33  21
21  33  34  22
22  34  35  23
23  35  36  24
24  36  25  13

25  37  38  26
26  38  39  27
27  39  40  28
28  40  41  29
29  41  42  30
30  42  43  31
31  43  44  32
32  44  45  33
33  45  46  34
34  46  47  35
35  47  48  36
36  48  37  25

37  49  50  38
38  50  51  39
39  51  52  40
40  52  53  41
41  53  54  42
42  54  55  43
43  55  56  44
44  56  57  45
45  57  58  46
46  58  59  47
47  59  60  48
48  60  49  37

50 49 61
51 50 61
52 51 61
53 52 61
54 53 61
55 54 61
56 55 61
57 56 61
58 57 61
59 58 61
60 59 61
49 60 61
